18.8810931674365
21.7464331094262
14.6276782737564
11.5193346131359
16.4354766938714
17.5436839908165
12.7213327495088
11.5207246984074
14.7380706425611
11.4188449791927
17.8585978446839
23.8968847750318
20.9362317001115
24.0291657299347
62.4695077097489
63.8710000473705
42.0056715080994
51.4793509158589
53.2073198261108
44.8649010889343
34.791681895704
28.9416585235711
21.8376471691284
21.3217627682509
22.6433278223519
25.9409480858333
21.2274082244782
17.4168270242129
22.5652829569474
22.7486103147334
24.2679473633319
27.1183595963713
28.3053533864358
42.8107477709511
55.9488038436133
49.6979033271376
42.9625439819788
42.4950486234713
41.4913666917875
35.1631321924786
34.931021296618
28.3748294264459
18.5126345585338
22.6163127222269
22.1480464110325
30.4597501386188
22.3057485492036
9.98997171978999
16.3853889846066
16.3206311418771
21.0724840826436
35.0754858388125
30.0806348256275
35.0653029951178
37.2713385062753
41.392293033587
39.5788439718563
41.0269770082213
45.8534209252568
46.6185462434941
