21.619646517044
25.1023786873286
27.1832833742901
27.499920998188
22.778015877564
24.1094342426903
24.9645108043364
24.1740753226152
25.8975695410803
32.6226093916271
36.3642591293918
40.9238308457547
36.7518240186018
31.9297529370283
31.4194392649108
40.2174797934143
35.1293506675499
35.7151694824029
41.4929219207258
39.3010364447846
44.3172077925922
41.1065876720679
40.9220388209194
32.694440065345
37.3216760851736
34.258288256106
32.6241908058351
33.5884902175835
28.2998051319357
28.79068683211
30.1470641186938
38.2909409411537
45.0238174494564
46.2635246545052
32.3135793095307
31.8925060407092
36.5715468721566
33.5884455403413
29.9509872291546
32.9337226622315
23.8809310738811
22.9364844193562
33.8889183182561
29.5919538585963
30.2932494350735
32.2676938390701
36.7426248969899
41.1658092046917
34.5506306276344
33.538550822408
34.422759455999
34.7110559134149
36.1602553473254
31.632845270471
24.5692512359816
27.1925628365104
26.7214182681124
28.3976711658335
26.6519448190202
29.072671713378
