21.619646517044
25.1023786873286
27.1832833742901
27.499920998188
22.778015877564
24.1094342426903
24.9645108043364
24.1740753226152
25.8975695410803
32.6226093916271
36.3642591293918
40.9238308457547
36.7518240186018
31.9297529370283
31.4194392649108
40.2174797934143
35.1293506675499
35.7151694824029
41.4929219207258
39.3010364447846
44.3172077925922
41.1065876720679
40.9220388209194
32.694440065345
37.3216760851736
34.258288256106
32.6241908058351
33.5884902175835
28.2998051319357
28.79068683211
30.1470641186938
38.2909409411537
45.0238174494564
46.2635246545052
32.3135793095307
31.8925060407092
36.5715468721566
33.5884455403413
29.9509872291546
32.9337226622315
23.8809310738811
22.9364844193562
33.8889183182561
29.5919538585963
30.2932494350735
32.2676938390701
36.7426248969899
41.1658092046917
34.5506306276344
33.538550822408
34.422759455999
34.7110559134149
36.1602553473254
31.632845270471
24.5692512359816
27.1925628365104
26.7214182681124
28.3976711658335
26.6519448190202
29.072671713378
30.5741802168342
23.464811284681
25.9045348484468
31.6593409225355
31.8957866997193
26.9895574762591
23.7934560675447
23.7927849143737
26.8948845726198
24.6379854707412
22.3528180829845
28.1401123347745
26.348722790206
24.6239098981238
28.9550247774689
21.3869827599456
23.0847362101298
24.9927094457239
21.0237510683909
29.3554739977056
35.8824487273165
30.4988806570498
24.3084410774636
18.1635594753734
16.8292784451528
18.2599679411058
17.6083387827178
15.2001241059977
20.9105186005548
24.3104917619948
18.8016099868789
26.5642458794099
28.9735465487918
25.8096023208557
17.471532624321
15.1885333235992
25.6549499962322
25.326083339569
24.0910571468158
21.1679079043652
18.6795343389618
20.5377426488556
23.3111750272533
13.7700749423152
22.4687097980382
25.64014608366
24.2623336038055
20.8144950438603
15.2662936569565
17.5206858076051
18.5642001723594
19.2651822833683
19.9267818891421
21.389812167052
21.4271418478927
24.2383831965768
20.2369438184475
19.3405079143257
24.5847749271578
