18.8810931674365
21.7464331094262
14.6276782737564
11.5193346131359
16.4354766938714
17.5436839908165
12.7213327495088
11.5207246984074
14.7380706425611
11.4188449791927
17.8585978446839
23.8968847750318
20.9362317001115
24.0291657299347
62.4695077097489
63.8710000473705
42.0056715080994
51.4793509158589
53.2073198261108
44.8649010889343
34.791681895704
28.9416585235711
21.8376471691284
21.3217627682509
22.6433278223519
25.9409480858333
21.2274082244782
17.4168270242129
22.5652829569474
22.7486103147334
24.2679473633319
27.1183595963713
28.3053533864358
42.8107477709511
55.9488038436133
49.6979033271376
42.9625439819788
42.4950486234713
41.4913666917875
35.1631321924786
34.931021296618
28.3748294264459
18.5126345585338
22.6163127222269
22.1480464110325
30.4597501386188
22.3057485492036
9.98997171978999
16.3853889846066
16.3206311418771
21.0724840826436
35.0754858388125
30.0806348256275
35.0653029951178
37.2713385062753
41.392293033587
39.5788439718563
41.0269770082213
45.8534209252568
46.6185462434941
20.1715301078249
20.0412836144748
12.6348586289037
12.9370939208148
19.2585989661278
17.2162088937452
19.2579374371268
24.7980583283017
22.9251365399969
19.5889216471002
15.4978347974217
16.4687321381309
15.7307030228421
45.9449747587239
48.8227468966834
43.5692237569464
41.4206167472367
42.2958853428771
46.1063118598768
31.5766931799849
44.8904590439466
39.8680032092441
13.5690704828177
11.2755048441947
10.1328077059445
8.80433739447138
23.0982958045946
22.8211265353698
21.2263816104081
16.5566892559951
18.8726506876123
17.2052880943237
35.0936987814975
43.6838545066865
33.8929363198021
32.955640925777
29.2907540919145
20.2160472679502
20.8735752763966
32.7671153767155
36.147902949448
37.5793401010843
16.1369545944233
12.0579792856987
14.3492238015742
10.902932803942
17.3325714719443
19.5773492403307
7.69659466846006
9.80410384113404
10.5011873316519
11.8595102509551
10.941785432361
28.5355124264717
34.7484050325206
38.3728245914023
34.5858258139387
19.745615860449
27.9513274224965
